0.56361889544999888
0.56361889544999888
0.56361889544999888
0.56361889544999888
0.56361889544999888
0.56361889544999888
0.58033331760854723
0.58033331760854723
0.58033331760854723
0.58033331760854723
0.58033331760854723
0.58033331760854723
0.58987757912131267
0.59011635658072048
0.59011635658072048
0.58987757912131267
0.59035513404012818
0.59011635658072048
0.60468075607506611
0.60491970445606258
0.60420354299942769
0.60420354299942769
0.60468075607506611
0.60444214953724684
0.60253261354833898
0.60300999754556595
0.60300965570238851
0.6022936651673424
0.60300999754556595
0.60229366516734251
0.60539708845328954
0.60563603683428602
0.60539674661011222
0.60635202736933214
0.60515831099388173
0.6042030302346616
0.6080203929965905
0.60682667662113998
0.6053934990999269
0.60682684754272864
0.60778076092923916
0.60420012456765371
0.61326956590702275
0.61565682773633501
0.6223417419918108
0.618998344795335
0.61493981167175671
0.61684934766066457
