0.52733343862103188
0.52733343862103188
0.52733343862103188
0.52733343862103188
0.52733343862103188
0.52733343862103188
0.52733343862103188
0.52733343862103188
0.52733343862103188
0.52733343862103188
0.52733343862103188
0.52733343862103188
0.52733343862103188
0.52733343862103188
0.52733343862103188
0.52733343862103188
0.52733343862103188
0.53401818195491912
0.53186952666342602
0.52852766776124849
0.52757255792361712
0.52685622554539357
0.52685622554539357
0.52685622554539357
0.69157421517934115
0.57746422782070184
0.57674738267771231
0.56552791867414076
0.55884437179137458
0.55335300298976042
0.55359178044916824
0.55359178044916824
0.69205245378451163
0.5839076298713507
0.57412168523216967
0.56505036375532514
0.56099268523969015
0.55359178044916824
0.55359178044916824
0.55359178044916824
0.68250357738885137
0.58032784811770899
0.57364481399970879
0.56505036375532514
0.56099268523969015
0.55359178044916824
0.55359178044916824
0.55359178044916824
0.66364289284105171
0.57794075720998539
0.57364481399970879
0.56505036375532514
0.56099268523969015
0.55359178044916824
0.55359178044916824
0.55359178044916824
