0.56529067950903111
0.56099268523969015
0.56409610852563719
0.56361889544999888
0.56147092384486064
0.56505156020644598
0.56815566717874766
0.5703046643134182
0.57364771966671657
0.56720055734111641
0.57842326885487327
0.57340860036413133
0.56242500815295982
0.57125977415104956
0.58128842744617859
0.58009471107072808
0.57650945982624802
0.57149855161045748
0.59322371106320748
0.59823496112217545
0.58224028977362463
0.58844850371822821
0.58057209506795493
0.57173749999145396
0.58844901648299441
0.58820955533723163
0.58295969874044473
0.5703046643134182
0.58272109220262547
0.57555776842039053
0.58677330122742211
0.57890065285210024
0.5822437082053985
0.57746474058546793
0.58510784126717164
0.58176307669798633
0.58391070645994725
0.58248231474321766
0.58224011885203597
0.57794571393605754
0.58080745409558887
0.58869001592305514
0.5836758601970794
0.58749322295900819
0.57913567003655675
0.58606243834003691
0.5765123654932558
0.58391156106789077
0.57794537209288011
0.58152600845446545
0.58391463765648732
0.58200356337328119
0.58486940565094125
0.57913960123309671
0.57961595970079161
0.58081035976259676
0.58009436922755064
0.57985439531702188
0.59131297862317866
0.58486974749411857
0.58630104487785595
0.58176495683546203
0.5808101888410081
0.58057106953842286
0.58200356337328119
0.58606243834003691
0.58295952781885596
0.58439202165371429
0.58248180197845156
0.58582417364539507
0.59155414898482828
0.59131605521177522
0.58558505434280994
0.58128723099505764
0.58558488342122128
0.58916415241009701
0.58128723099505775
0.59131588429018656
0.58463011542676735
0.58486906380776382
0.58988373229850566
0.58271955390832719
0.58486923472935259
0.58248060552733072
0.57961715615191245
0.57651287825802189
0.5664920873559729
0.57030398062706344
0.58868437551062824
0.57675353585490541
0.59966899325133205
0.59727899667660067
0.5915502177882882
0.59226278989156045
0.59370058229566836
0.60420097917559723
0.59393559948012487
0.59967172799675117
0.60993488571157062
0.6020562550806442
0.60396767120702777
0.59943260869416581
0.6044404403213598
0.59656762102444938
0.6225834251182264
0.60611205345880348
0.61398829118748799
0.6089761865205765
0.60659114667191738
0.60635356566363041
0.60396322724572171
0.61089238845144356
0.60802432419313046
0.59775535514429545
0.60372376609995904
0.61542625451318456
0.60682889860179301
0.60038720576703108
0.6015814349072478
0.60014740277809109
0.61351774405380877
0.60110029063506942
0.61280124075399678
0.60468520003637216
0.60563415669681042
0.60611136977244862
0.6101709284255592
0.60993420202521575
0.60850136634718011
0.61518662244583322
0.61542334884617678
0.60635236921250957
0.60062188110831027
0.61924498464782285
0.60778417936101314
0.61781197804819854
0.61423099984343577
0.61518645152424456
0.6125598994707584
0.60778537581213399
0.60349182550409908
0.6130371125463967
0.61351330009250271
0.60515694362117223
0.61208251547353143
0.60873997288499915
0.61017246671985736
0.61208251547353143
0.60324723671067548
0.61279918969493241
0.61112826024384359
0.61017263764144614
0.6108879444901375
0.61184322524935753
0.61279850600857755
0.60563398577522165
0.609933518338861
0.61614019398916631
0.61017229579826882
0.61303625793845329
0.61208148994399936
0.60300777556491292
0.6123200964818184
0.61136515756577581
0.61375276123826528
0.6116054733194819
0.61303694162480793
0.61065019256026176
0.5812807359746871
0.58534200384368473
0.58414862931141165
0.5858250282533386
0.57819098641583577
0.58677483952172038
0.61112552549842436
0.59823479020058667
0.60324689486749816
0.60157733278911907
0.61040782574749131
0.60658601902425657
0.60945835632228695
0.60300760464332426
0.59823718310282847
0.61303010476126019
0.61183997773917231
0.61160786622172358
0.62067440189408474
0.6130333522714454
0.61876742972900722
0.621149905753836
0.61470889660542882
0.61494442655465154
0.61733237207031855
0.62449415755825521
0.6175723459808472
0.62186863103430123
0.61733049193284284
0.62306098003704224
0.60921342568568615
0.61972100127234031
0.62616542885252136
0.62425674747155691
0.62306080911545347
0.62210809218006391
0.62019855619115594
0.6213915888802517
0.62067542742361692
0.61948188196975507
0.62234464765881869
0.62354007325015604
0.6199589241238046
0.61948222381293239
0.6163786296053968
0.62115315326402121
0.61876640419947504
0.6206759401883829
0.62043630812103168
0.61590107468658106
0.62282391179352126
0.62067491465885072
0.61781095251866647
0.62163070818283683
0.62162968265330465
0.62019753066162375
0.61828765282953857
0.62067406005090719
0.62115212773448902
0.61995789859427253
0.62234618595311686
0.62163036633965951
0.62210723757212039
0.61781043975390026
0.61757217505925854
0.62043613719944302
0.61948239473452116
0.624017457247383
0.62234669871788295
0.62186863103430123
0.62330163763392565
0.62043699180738632
0.62425606378520215
0.6197196338996307
0.62258496341252467
0.61804904629171942
0.62186846011271257
0.62186880195588989
0.62330078302598213
0.62377833794479776
0.62091488856937949
0.6206759401883829
0.62163036633965951
0.62210757941529782
0.60205352033522519
0.59441212886940831
0.60324604025955464
0.58963709244601781
0.59083029605670223
0.60324911684815119
0.60969491180104174
0.59727626193118155
0.60778332475306962
0.61398931671702017
0.61279423296886015
0.61136396111465485
0.62234635687470552
0.61494391378988544
0.6154236906893541
0.61781061067548892
0.61614087767552117
0.61876298576770117
0.62043613719944302
0.61661689430003852
0.62043647904262034
0.62043647904262034
0.62664041994750663
0.62807462299825179
0.61924378819670201
0.62592784784423439
0.63165457567348238
0.62043647904262034
0.62353870587744653
0.62783499093090045
0.62067371820772987
0.62019770158321252
0.62210587019941077
0.62592545494199259
0.62115110220495684
0.61876435314041067
0.62783738383314225
0.62329873196691787
0.62234686963947172
0.62139141795866293
0.6223460150315282
0.62616645438205343
0.62616474516616649
0.62186777642635782
0.6187646949835881
0.62425503825566997
0.62425708931473434
0.62210775033688648
0.62019872711274471
0.62735829062002824
0.6259268223147022
0.62210706665053161
0.62234704056106038
0.62592699323629086
0.62831459690878055
0.62210689572894295
0.62401677356102825
0.62330009933962727
0.62449432847984399
0.62210775033688648
0.6206745728156734
0.6213915888802517
0.62043682088579766
0.62162934081012722
0.62401660263943948
0.62162951173171599
0.6223460150315282
0.6242548673340812
0.62521083177965608
0.62401574803149595
0.62401677356102825
0.62353853495585776
0.6249723961634257
0.62377833794479776
0.62258479249093601
0.62353938956380128
0.62425555102043606
0.62377850886638653
0.62377748333685423
0.62473327686084035
0.62568804485529428
0.62377833794479776
0.62497188339865961
0.62521048993647865
0.60324586933796598
0.60420285931307294
0.60468109791824343
0.60515814007229307
0.60324501473002246
0.60014227513043028
0.60778195738036001
0.60396356908889903
0.59990623241644159
0.62163036633965951
0.60109670128170678
0.60826002506394172
0.62569112144389083
0.61518542599471238
0.61017144119032529
0.6232980482805629
0.61327486447627244
0.62139090519389684
0.61995772767268376
0.6163781168406306
0.62544824186635439
0.62234652779629418
0.62544909647429792
0.62879232274918484
0.62186828919112391
0.63237124989488336
0.62592767692264573
0.63308792411628401
0.63046171390597527
0.62640181340968748
0.63070271334603623
0.62330078302598213
0.63022054354432577
0.63022208183862405
0.63022327828974489
0.62640335170398564
0.63261105288382324
0.6292678266089361
0.63046461957298316
0.63165440475189361
0.62282391179352115
0.63451870873525551
0.62998501359510317
0.62950814236264241
0.6302227655249788
0.62831545151672397
0.62688073570121261
0.62711900039585444
0.63452144348067463
0.6264035226255743
0.63189352405447885
0.62712036776856406
0.63117872997055369
0.63141716558678407
0.62950797144105364
0.63094029435432331
0.63165628488936931
0.62449449940143253
0.62688141938756747
0.63308877872422764
0.62974555244934061
0.6278356746172552
0.63046171390597527
0.62688159030915613
0.63332653065410327
0.62998501359510317
0.62688176123074479
0.62950814236264219
0.6290309292870041
0.62879215182759618
0.62688124846597881
0.62950643314675536
0.62735777785526226
0.63141955848902587
0.62902973283588315
0.62902973283588304
0.62807496484142922
0.62783601646043274
0.62950711683311011
0.6278367001467875
0.63165594304619188
0.6292683393737023
0.62688056477962395
0.62879095537647534
0.61852643028894638
0.59799310707417108
0.60348498864055122
0.60301068123192081
0.60658892469126435
0.59703851000130581
0.60682633477796255
0.60443958571341649
0.61350902705278532
0.61876401129723335
0.61065036348185053
0.60993249280932871
0.62759467517719447
0.61709496198362024
0.62473054211542134
0.62234464765881858
0.62544807094476573
0.62067149622707685
0.62759672623625873
0.63117770444102139
0.64168015238001475
0.61972014666439679
0.62974315954709892
0.62115041851860209
0.63428146957014586
0.6450247460276114
0.63690802162363203
0.63356599179986584
0.63141545637089713
0.64716947012256443
0.64956288512906968
0.64383410624075743
0.6404884870636286
0.6400107612232242
0.6428731850691104
0.64621436028493318
0.63619032187269897
0.64430567890396873
0.6462184624030618
0.64597626651188012
0.64335108183110357
0.63571310879706067
0.64192029721213217
0.64335279104699039
0.64956032130523933
0.64072572622873813
0.63953286446123125
0.63690904715316421
0.64168169067431302
0.64048917074998346
0.64215907467153999
0.64048763245568507
0.64096604198244422
0.6483633574196036
0.6416827162038452
0.64048694876933032
0.64645484696022792
0.64812560548972797
0.64335347473334525
0.64215770729883048
0.64096587106085556
0.6464563852545262
0.64048831614203994
0.64287472336340878
0.64144359690125996
0.64430755904144432
0.64478425935231654
0.64788870816779587
0.64478443027390531
0.64645518880340525
0.64192012629054351
0.64359173942798698
0.64335296196857916
0.64287523612817477
0.64263611682558952
0.64263594590400086
0.64478528488184872
0.64335313289016793
0.64144308413649387
0.6404884870636286
0.64144291321490521
0.64335347473334525
0.64406861066044785
0.64550110449530618
0.60420063733241991
0.59990606149485293
0.61184168695505925
0.60754129978347648
0.5922639863426814
0.59895112257881022
0.61924088252969423
0.60969098060450178
0.61017058658238177
0.61279337836091663
0.60921479305839565
0.61422655588212971
0.62736051260068137
0.62162831528059515
0.62878873339582231
0.62210843402324123
0.63785954210790075
0.63427839298154942
0.63070151689491538
0.64215531439658868
0.62759911913850053
0.62639924958585702
0.62401814093373786
0.64191568232923746
0.65552599751548379
0.65027169695739062
0.6366697569289903
0.64669704285140961
0.63953440275552953
0.63977215468540516
0.63953286446123125
0.64764822149250101
0.65122919969726367
0.64955775748140887
0.65218430953489503
0.65647939813722822
0.65218277124059665
0.65409504197492374
0.6595835051095299
0.65719675604498373
0.65695370554585863
0.65337785498875678
0.66531518966485004
0.66006106002834564
0.66173147671466825
0.66173062210672473
0.65862942080143083
0.65815032758831693
0.66340360261687792
0.66340411538164401
0.66029932472298736
0.66268504825800134
0.65600491980700903
0.65719555959386289
0.66125340903108654
0.66292331295264306
0.660776366877037
0.66650805143235714
0.66316550884382475
0.66340103879304746
0.66030035025251965
0.66077670872021432
0.66196991233089875
0.6710415756509206
0.6653134804489631
0.66125494732538481
0.66579069352460141
0.66793781052179624
0.66602895821924324
0.66483336170631702
0.65982245349052648
0.66650565853011534
0.66793849420815088
0.66650480392217182
0.66268727023865448
0.66507470298955529
0.66101651170915432
0.66698235884098744
0.66555037777089521
0.66292502216853
0.6622098862414274
0.6612554600901509
0.66626807752182848
0.66936842421917897
0.59656745010286061
0.62067286359978635
0.60324484380843391
0.61231667805004442
0.60252475115525905
0.59775381684999718
0.6147024015850584
0.6039637400104878
0.6187665751210637
0.6168563554458012
0.62067525650202815
0.6233004411828047
0.62926440817716223
0.62568872854164914
0.63428164049173452
0.62090770986265431
0.63619203108858591
0.64549460947493575
0.6571974397313386
0.6450218403606035
0.64621589857923134
0.65290081283470724
0.65624489371753769
0.65385609359392716
0.65982057335305078
0.65910748848501255
0.66483951488351012
0.66459629346279614
0.66793507577637712
0.66292570585488486
0.67247321487783551
0.67056265335939536
0.67175944632344242
0.66579291550525443
0.66626824844341703
0.67414739183910954
0.6777264899063965
0.67581763760384339
0.6777264899063965
0.67963722234642532
0.67295213716936075
0.67677274744147475
0.67987668349218777
0.68608062439707407
0.67820216468773653
0.68011563187318436
0.68035492209735826
0.67868399264626955
0.68727656275317761
0.68560409500779063
0.68823150166922031
0.69133629232787686
0.68608335914249319
0.68799306605298982
0.68632196568031245
0.68990226019872036
0.69133475403357847
0.68799289513140105
0.69085651542840809
0.68751328915352106
0.68751414376146458
0.69395925502800038
0.6951548515409266
0.69133646324946552
0.69682714836472481
0.69252727395790803
0.68894749220426632
0.68942555988784804
0.69133407034722383
0.69181196710921677
0.69276741879002568
0.69515468061933783
0.69515314232503955
0.69563035540067786
0.69730299406765361
0.69300414519036913
0.69324326449295415
0.69396130608706474
0.69252812856585155
0.6956310390870325
0.69228918018485519
0.69563069724385518
0.69372099033335866
0.70064382744029885
