0.56886909388996343
0.57459889830780786
0.58486615814075593
0.59083200527258917
0.58820630782704653
0.60491765339699821
0.61255306260721054
0.61112296167459401
0.60109465022264252
0.6139915386976732
0.58128107781786464
0.58749271019424221
0.60515455071893032
0.60133616242746946
0.60348703969961559
0.61781009791072294
0.63070168781650404
0.62854841764211622
0.62306149280180823
0.63260780537363803
0.57244938840837134
0.58963948534825961
0.60420473945054864
0.61255972854916974
0.61446772624377932
0.62210723757212039
0.62019274485714038
0.64335313289016782
0.63642790288098594
0.63881533563188686
0.58032921549041849
0.60300760464332415
0.60110097432142418
0.62019718881844643
0.62138834137006638
0.63261276209971018
0.63857553264294686
0.63523452834871286
0.63666907324263544
0.6502756281539307
0.58486547445440118
0.60348396311101904
0.61661433047620806
0.62616508700934392
0.6261666253036422
0.63427958943267027
0.62735572679619789
0.6359513734917025
0.64024953868263212
0.64860333133013237
0.58677159201153517
0.60396305632413294
0.60730525706948779
0.62234686963947172
0.63284760836257803
0.63810156707749377
0.64621863332465057
0.64764787964932358
0.64979738954876021
0.65027579907551936
0.58295440017119515
0.60658858284808692
0.61876486590517688
0.62281963875380386
0.63046273943550757
0.63977215468540516
0.64263594590400086
0.64860264764377751
0.65433211021844462
0.65457037491308634
0.58653674574866732
0.60468007238871124
0.61733032101125407
0.62473054211542134
0.63261002735429106
0.64048865798521737
0.64812714378402625
0.64550110449530618
0.6507523284648028
0.65910697572024646
0.58414897115458897
0.61017058658238188
0.61756944031383931
0.6304606883764432
0.63404303395391548
0.64000973569369213
0.64335347473334525
0.65099196053215413
0.65051474745651583
0.66077756332815785
0.58414948391935517
0.60897772481487478
0.61494596484894981
0.62783601646043274
0.63380391465133024
0.64311401358758269
0.64574107840583483
0.65099110592421072
0.65146917360779233
0.66053810218239517
0.58629711368131598
0.60635083091821118
0.61637777499745328
0.62998467175192585
0.63547501502400772
0.64263628774717818
0.64669362441963574
0.65290303481536027
0.65337853867511153
0.65552599751548379
0.58868505919698311
0.60754420545048438
0.62043528259149949
0.6297460652141067
0.63380442741609633
0.6423978521309478
0.64669413718440183
0.64860435685966455
0.65170863475355501
0.65648264564741343
0.58486496168963509
0.6094539123609809
0.61733271391349598
0.62926816845211364
0.6369071670156885
0.6392942579234121
0.64669379534122451
0.64932103108106543
0.65409504197492374
0.65791496856068299
0.5872515398325926
0.60826002506394172
0.61303523240892099
0.62998381714398233
0.63571310879706067
0.64168237436066777
0.6481264600976715
0.64645655617611486
0.65242342883748028
0.65624335542323953
0.57388068579210871
0.5674403603300564
0.5946524446231144
0.59895334455946336
0.60897533191263309
0.61518081111181766
0.62329668090785351
0.62735555587460923
0.62592169466704128
0.64263150194269469
0.57054498006712429
0.59918972911662938
0.60492072998559465
0.62067235083502037
0.62830895649635365
0.6261666253036422
0.63332277037915197
0.63308724042992937
0.63881636116141904
0.63762384123708948
0.58486530353281252
0.60515831099388162
0.62114973483224734
0.62497102879071609
0.62520621689676126
0.63499540904612761
0.63667009877216774
0.64359020113368881
0.64836660492978881
0.65481051974520377
0.59178523497274493
0.60324604025955475
0.6187652077483542
0.62926645923622659
0.63046103021962063
0.63881875406366084
0.64263560406082354
0.63905360032652869
0.65385489714280631
0.65552463014277429
0.59130956019140479
0.59799379076052583
0.61852796858324466
0.62282049336174738
0.63762059372690416
0.63714560263191888
0.64669242796851489
0.64430687535508957
0.65337700038081326
0.65027374801645499
0.58701412974589429
0.60061983004924591
0.61303642886004184
0.62592648047152477
0.63356582087827717
0.6409657001392669
0.63953252261805382
0.64741115324898013
0.64788956277573917
0.65910765940660132
0.58725222351894735
0.60563313116727813
0.61733237207031844
0.62568565195305259
0.63977249652858259
0.64454667834402957
0.64383154241692697
0.65290132559947323
0.65361680336975325
0.66245020199513349
0.5886845464322169
0.60706647961007998
0.61470513633047752
0.62640266801763089
0.63380425649450756
0.6407277772878025
0.64311435543076001
0.65122937061885244
0.65314129951000188
0.65361748705610812
0.59178967893405088
0.60730576983425388
0.61470547817365506
0.62831340045765971
0.63571379248341542
0.64335279104699039
0.64335227828222441
0.64788699895190882
0.65075164477844805
0.658630959095729
0.58820664967022385
0.61016973197443836
0.61518422954359153
0.62712002592538652
0.63786056763743293
0.64001093214481297
0.64502440418443407
0.64812663101926016
0.65337836775352287
0.65409350368062558
0.58199946125515245
0.60730594075584265
0.61900278875664105
0.63069980767902845
0.63929442884500076
0.64287472336340867
0.64454702018720711
0.65242342883748028
0.65194536115389845
0.65528910019355158
0.58749134282153259
0.60754369268571828
0.61804853352695333
0.63093858513843626
0.63857809646677721
0.64144274229331655
0.64669413718440183
0.64932034739471067
0.65194621576184197
0.65886854010401608
0.58629745552449342
0.60802158944771134
0.61566024616810899
0.62974521060616329
0.6400107612232242
0.64359208127116441
0.64740978587627052
0.64955861208935228
0.65314095766682456
0.65839218163632129
0.58534234568686205
0.60969217705562262
0.61303489056574367
0.63213247243547543
0.63833897716419208
0.64311384266599392
0.64979790231352619
0.64860401501648712
0.65361799982087421
0.65886854010401608
0.57698838211777315
0.59632525421167892
0.61255460090150882
0.61709308184614464
0.62640283893921955
0.62067918769856811
0.62783652922519873
0.63738523469927033
0.63714440618079815
0.64931744172770278
0.58223601673390724
0.61542300700299934
0.61136447387942094
0.62354161154445431
0.63810002878319561
0.63308655674357461
0.64287352691228783
0.64167929777207133
0.64311059515580871
0.64979380019539756
0.59059476610747952
0.61136396111465485
0.61613472449832807
0.62306200556657432
0.63356359889762415
0.62926680107940403
0.6376223029427911
0.64478425935231654
0.64740927311150454
0.65672142310682113
0.5779426373474611
0.60611119885085996
0.61566127169764107
0.62998244977127271
0.63475799895942941
0.63690597056456777
0.64311264621487307
0.64717220486798366
0.65146866084302635
0.65146917360779233
0.59059510795065695
0.60634895078073558
0.61207978072811231
0.63356496627033365
0.63595256994282334
0.64048865798521737
0.64383034596580613
0.65313719739187326
0.65099025131626709
0.65863181370367252
0.58987980110196558
0.60825917045599831
0.62067252175660903
0.62783687106837616
0.63714474802397547
0.63714628631827386
0.64812799839196966
0.64788939185415051
0.65099025131626709
0.65218567690760454
0.58414862931141165
0.60682855675861558
0.61780924330277942
0.62353716758314814
0.6349988274779016
0.64168100698795827
0.64478220829325217
0.65051389284857242
0.65624352634482819
0.65863061725255168
0.58486496168963509
0.60778264106671476
0.61733083377602027
0.62878924616058829
0.63499626365407114
0.63857775462359989
0.64764890517885576
0.65194655760501929
0.6586314718604952
0.65910783032818998
0.58916210135103253
0.6080203929965905
0.6147061618600097
0.63093892698161369
0.63475868264578417
0.64239751028777037
0.64430687535508957
0.64884227971112896
0.6598251882359456
0.65839218163632118
0.58534183292209596
0.60802090576135648
0.61804784984059857
0.62974589429251793
0.63619049279428774
0.64215907467153999
0.64693359833016451
0.64717135026004013
0.6500377053024663
0.65695797858557603
0.58725222351894735
0.60802090576135648
0.61637743315427584
0.628791126298064
0.63929408700182344
0.64287523612817477
0.64860435685966455
0.64741012771944784
0.65266271906165418
0.65815220772579253
0.58868505919698311
0.60945374143939224
0.61494545208418361
0.63046154298438661
0.63642978301846165
0.64263560406082354
0.64502372049807921
0.64812731470561491
0.65314044490205847
0.65815289141214739
0.58701276237318467
0.6099311254366192
0.61566075893287497
0.62998432990874831
0.63618998002952154
0.64406843973885908
0.64645604341134877
0.64931966370835592
0.65146900268620378
0.65791325934479605
0.58558078130309255
0.60921530582316186
0.6154218105518785
0.62998364622239356
0.63618980910793288
0.64430687535508957
0.64812663101926005
0.6502756281539307
0.6512295415404411
0.65695883319351944
