0.56648730155148941
0.59297860950501791
0.60849931528811574
0.61207704598269308
0.59943038671351279
0.62592186558862994
0.62115281142084378
0.62138731584053419
0.62043306061084635
0.6337998125332015
0.57913857570356464
0.60037865968759641
0.60253432276422603
0.6170918853950238
0.62019650513209168
0.62234362212928651
0.63714628631827386
0.6292659464714605
0.63451887965684417
0.64955604826552193
0.57626982775889657
0.60253090433245204
0.61685208240608369
0.62592477125563784
0.62043596627785425
0.62640147156651005
0.63953320630440869
0.65480812684296208
0.6495575865598201
0.65385746096663677
